Case #1:
10000000000000000000000000000001 3 6883 5 3 7 373 3 5
10000000000000000000000000000011 83 7 3 11 23 3 569 173
10000000000000000000000000000101 7 13 3 31 43 3 73 7
10000000000000000000000000000111 3 5 5 3 7 5 3 5
10000000000000000000000000001101 3 181 5 3 7 733 3 5
10000000000000000000000000010001 5 67 3 43 4423 3 6197 127
10000000000000000000000000010011 3 11 5 3 7 17 3 5
10000000000000000000000000010101 29 479 397 307 193 13 11 467
10000000000000000000000000011001 3 7 5 3 7 23 3 5
10000000000000000000000000011101 31 5 11 11 5 419 5 11
10000000000000000000000000011111 3 31 3 3 7 3 3 5
10000000000000000000000000100001 7 13 3 31 41 3 73 7
10000000000000000000000000100101 3 5 5 3 7 5 3 5
10000000000000000000000000101011 3 163 19 3 5 151 3 149
10000000000000000000000000101111 5 5 3 13 11 3 5 7
10000000000000000000000000110111 3 3821 3 3 7 3 3 5
10000000000000000000000000111001 5 317 47 23 5 5 83 523
10000000000000000000000000111011 17 41 3 313 1297 3 17 17
10000000000000000000000000111101 3 7 3 3 7 3 3 5
10000000000000000000000001000011 3 5 5 3 7 5 3 5
10000000000000000000000001000111 709 17 13 293 5 263 2663 137
10000000000000000000000001001011 7 7 11 223 5 103 113 7
10000000000000000000000001010111 5 5 3 13 37 3 5 19
10000000000000000000000001011011 3 19 3 3 7 3 3 5
10000000000000000000000001011101 13 41 3 313 71 3 17 17
10000000000000000000000001100001 3 5 5 3 7 5 3 5
10000000000000000000000001100111 3 13 3 3 7 3 3 5
10000000000000000000000001101011 5 5 3 7 23 3 5 41
10000000000000000000000001101101 3 11 3 3 7 3 3 5
10000000000000000000000001101111 19 7 67 41 733 13 7 71
10000000000000000000000001110011 3 11909 3 3 7 3 3 5
10000000000000000000000001110101 5 5 3 13 37 3 5 7
10000000000000000000000001110111 11 1093 11 7 53 29 7 547
10000000000000000000000001111001 3 271 3 3 7 3 3 5
10000000000000000000000001111101 41 7013 167 17 2617 97 7 83
10000000000000000000000001111111 3 5 5 3 7 5 3 5
10000000000000000000000010000101 3 11 5 3 7 223 3 5
10000000000000000000000010001001 5 359 2179 89 11 5 167 23
10000000000000000000000010001011 3 5 7 3 5 47 3 34057
10000000000000000000000010001111 359 37 3 23 13 3 61 71
10000000000000000000000010010011 5 7 887 53 5 5 239 71
10000000000000000000000010010101 19 5 223 19 5 11 5 17
10000000000000000000000010010111 3 131 3 3 7 3 3 5
10000000000000000000000010011001 31 11 7 11 5 37 31 11
10000000000000000000000010011101 3 23 3 3 7 3 3 5
10000000000000000000000010011111 7 5 1373 7 3343 83 5 7
10000000000000000000000010100011 3 1429 463 3 5 41 3 541
10000000000000000000000010100111 5 5 3 13 37 3 5 41
10000000000000000000000010101011 13 7 3 179 349 3 25237 59
10000000000000000000000010101101 7 13 3 31 43 3 73 7
10000000000000000000000010110001 5 23 607 269 5 5 41 43
10000000000000000000000010110011 11197 16427 3 7 307 3 11 487
10000000000000000000000010110111 2207 7 7 83 67 241 7 11
10000000000000000000000010111001 11 31 3 17 28723 3 23 16763
10000000000000000000000010111011 3 353 491 3 809 5 3 7
10000000000000000000000011000011 17 337 7 4261 5 17 11 29
